330
720
278
363
737
847
807
887
588
324
944
567
356
60
152
414
362
694
283
521
168
752
246
967
670
259
713
613
120
419
585
808
179
965
154
58
139
266
311
570
733
436
192
779
180
344
397
967
605
150
994
570
327
481
227
578
474
311
692
478
133
194
767
168
738
136
388
391
905
93
275
96
383
712
788
732
560
466
787
325
861
746
7
970
425
14
480
697
737
576
583
827
573
833
437
539
668
23
41
44
956
5
61
511
874
897
187
614
693
494
17
8
524
366
616
386
187
797
742
723
655
690
653
328
510
448
522
550
275
249
64
536
424
742
369
856
685
495
95
527
827
866
4
243
558
574
303
206
216
51
352
870
280
317
389
265
351
732
1
426
375
636
339
443
430
480
584
781
996
759
700
691
701
215
895
788
686
410
770
935
144
315
333
223
897
193
255
106
353
104
504
952
494
669
152
190
526
560
812
78
990
522
209
456
350
660
169
65
421
600
578
940
962
66
281
59
303
115
546
237
224
477
427
892
255
748
197
32
63
705
262
125
598
692
944
622
105
877
873
236
24
190
685
753
525
563
990
427
387
92
887
410
13
574
853
513
94
317
201
602
463
136
2
716
337
452
342
270
121
659
953
426
242
309
213
34
792
673
366
691
757
769
644
970
817
851
112
23
838
430
527
788
675
271
773
887
187
968
416
72
220
720
305
728
138
461
168
703
361
818
721
421
950
509
844
693
492
32
899
486
340
319
431
691
132
165
750
970
536
326
846
823
257
293
470
37
463
916
831
355
683
408
661
20
709
106
837
165
426
79
394
155
69
929
731
901
288
614
595
972
711
197
167
35
971
898
163
656
39
807
230
575
200
543
803
932
657
411
982
26
328
584
544
456
931
691
754
327
561
569
748
848
320
859
644
485
241
626
49
810
942
180
126
619
849
818
955
525
126
799
243
877
632
569
644
126
653
710
103
279
143
835
95
470
58
381
255
341
898
317
691
30
361
171
83
148
458
924
607
112
736
228
201
762
325
871
216
751
214
518
831
530
523
769
667
106
85
655
560
468
563
613
626
808
107
213
515
461
485
495
667
728
103
990
543
914
634
332
145
187
165
504
126
380
486
160
507
592
503
977
63
803
364
138
549
122
602
392
654
112
355
754
265
719
851
102
427
532
225
752
471
752
510
373
303
59
487
246
322
946
705
922
957
508
432
864
364
964
441
421
312
242
677
32
831
410
238
407
528
383
733
974
367
751
505
310
292
990
835
489
634
355
69
707
406
432
796
756
286
987
738
462
90
804
439
229
74
477
541
892
820
80
717
938
213
730
555
206
3
122
571
373
129
951
786
957
172
970
626
398
614
481
121
541
645
271
883
563
312
276
235
814
449
942
669
554
637
131
494
675
877
590
753
163
415
364
332
139
18
481
56
104
851
142
278
338
958
176
292
941
846
992
893
727
887
756
924
187
282
231
319
41
475
950
521
23
727
957
125
281
939
744
545
830
219
130
963
306
664
330
596
461
838
553
828
885
696
26
276
658
439
144
856
786
162
15
628
901
621
254
610
1
50
11
1
101
447
63
507
756
793
617
523
952
635
858
202
922
121
636
326
701
680
466
841
794
888
758
668
204
502
62
685
409
719
594
410
827
551
727
438
633
519
520
864
821
621
903
151
303
812
706
779
984
927
909
320
583
169
207
213
688
394
303
254
731
932
113
233
40
447
375
370
394
198
693
182
160
601
19
172
984
606
364
391
795
282
700
481
809
274
826
658
344
513
749
238
215
266
133
889
507
670
111
855
437
335
385
786
234
727
159
981
149
34
228
82
30
912
458
449
231
632
423
766
620
716
26
880
448
454
966
894
468
130
664
313
495
508
953
460
897
913
246
82
114
845
508
309
285
667
208
303
807
683
658
875
247
344
234
720
308
504
337
779
760
265
512
19
369
914
586
521
958
998
552
317
385
341
651
775
208
716
595
781
246
663
86
785
471
789
66
150
273
232
151
392
576
467
321
848
332
488
940
370
80
687
344
809
131
340
490
906
693
459
512
592
908
556
533
97
179
727
547
580
848
435
247
725
847
159
741
918
19
803
443
719
776
225
700
559
318
276
653
130
298
159
457
814
720
559
483
19
933
223
669
604
940
360
522
645
440
619
962
971
599
572
886
889
15
792
815
683
855
974
779
902
73
417
281
688
977
432
5
287
676
721
984
795
133
838
778
416
703
55
118
698
314
682
531
726
273
568
798
927
743
799
164
959
443
766
530
523
78
833
668
7
613
674
295
878
587
90
756
177
13
399
980
799
855
80
588
391
885
554
415
409
633
77
544
876
556
25
352
367
308
255
337
869
387
111
85
639
386
653
139
182
812
621
914
343
819
364
103
363
177
138
638
524
418
258
373
536
130
419
321
561
738
388
868
758
62
110
412
744
995
949
5
232
415
233
597
12
163
200
56
191
922
988
189
169
616
812
451
128
737
549
508
967
332
577
443
423
752
155
281
708
951
359
367
228
133
406
108
185
661
361
372
930
362
129
639
750
198
699
141
249
659
284
6
446
440
37
899
837
789
173
259
7
919
348
240
562
620
961
35
210
703
266
466
376
176
578
605
202
937
693
224
53
14
31
48
667
353
921
788
96
506
270
395
487
102
365
11
13
889
77
129
237
663
931
545
393
817
630
270
861
432
696
900
96
949
205
993
887
299
572
209
699
173
939
704
433
870
979
274
810
567
591
313
860
564
987
390
82
485
655
850
723
651
926
663
809
370
299
538
896
371
123
713
316
868
429
64
723
227
112
523
838
356
459
294
840
383
40
531
961
815
910
401
644
722
485
48
247
275
894
62
571
440
377
439
443
878
996
992
134
922
667
855
373
132
11
367
192
631
823
426
330
767
576
81
461
722
68
594
382
381
817
447
332
50
951
397
978
20
851
962
386
47
397
38
147
55
28
512
710
118
856
615
452
468
731
803
863
296
977
721
809
402
609
753
105
219
523
322
180
614
388
171
780
861
39
282
370
537
933
405
694
556
884
263
525
201
995
863
318
148
533
682
42
130
152
984
438
643
933
928
532
705
332
95
730
684
835
590
429
448
433
325
362
571
26
253
517
346
228
904
224
659
4
31
80
706
129
650
708
54
844
726
604
5
873
988
223
788
533
841
366
404
434
869
715
208
319
470
103
899
466
91
415
29
703
872
700
300
15
24
554
184
882
374
604
706
720
357
698
38
29
729
813
387
537
820
224
134
316
872
386
659
547
808
588
753
311
575
302
0
287
922
772
509
286
181
521
60
265
8
487
962
772
65
870
737
278
28
491
882
648
566
984
143
637
895
637
73
786
850
395
145
55
697
750
106
956
304
100
355
298
163
869
307
385
423
886
482
938
850
475
282
84
419
352
721
938
629
871
391
543
447
274
414
613
341
907
75
314
763
781
974
927
135
584
485
696
676
758
213
8
155
135
935
375
112
61
635
344
28
168
326
432
709
812
850
888
454
694
43
516
811
167
174
68
501
354
948
835
866
24
262
871
657
382
388
312
339
38
500
280
271
730
286
595
454
541
218
323
733
596
242
981
714
697
197
988
961
866
874
758
112
800
477
3
906
455
774
327
423
538
549
416
194
762
245
80
880
578
614
959
136
625
101
270
782
280
156
960
184
400
350
472
163
742
168
470
252
282
689
998
766
891
899
194
47
825
787
952
452
116
107
383
252
915
622
487
699
207
220
625
299
814
142
23
188
76
252
452
594
774
827
598
888
615
193
244
725
907
222
956
492
203
507
68
292
966
220
248
120
680
771
45
61
63
699
951
749
876
5
970
573
335
358
677
288
509
494
636
721
377
762
791
985
264
132
95
306
74
730
221
856
4
331
913
3
782
536
824
915
241
495
848
901
251
383
157
845
830
779
783
472
583
526
742
918
979
59
797
931
604
645
675
146
784
113
568
3
445
674
506
973
669
721
480
881
913
889
733
880
975
249
476
294
946
749
273
477
588
994
23
722
738
893
311
595
820
701
117
138
814
154
400
155
272
810
802
862
45
861
4
90
326
917
956
354
168
380
199
35
839
91
414
450
651
783
234
775
409
884
60
211
772
594
65
820
849
321
21
136
946
411
431
727
989
932
396
820
937
957
426
440
502
82
298
723
740
949
503
489
575
26
452
160
800
792
317
731
852
135
504
847
358
63
88
428
659
686
460
718
386
413
838
452
457
620
709
689
296
341
80
900
817
532
560
919
958
270
926
197
615
664
968
802
452
579
82
439
993
870
64
53
488
784
102
161
188
0
703
180
83
627
435
510
55
604
30
826
502
168
469
388
759
263
103
722
445
36
999
878
538
270
696
425
277
27
411
33
429
399
731
958
567
746
114
987
229
457
746
847
549
256
936
824
401
675
293
225
680
380
716
152
0
824
642
812
931
9
233
27
193
997
396
103
437
510
820
13
149
116
492
987
289
151
329
282
333
871
24
601
733
185
352
48
682
579
958
743
104
301
